--\\~<Solivion>~//--
if not script:FindFirstAncestorWhichIsA('Actor') then
	local Actor =	Instance.new('Actor')
	Actor.Parent = game:FindFirstChildOfClass('ServerScriptService') or workspace
	Actor.Name = 'Accessory_Fixer_Actor'
	script.Parent = Actor
end
local CacheFolder =  game:FindFirstChildOfClass('ServerStorage'):FindFirstChild('Cache') or Instance.new('Folder', game:FindFirstChildOfClass('ServerStorage'))
CacheFolder.Name = 'Cache'
function synchronize()
	if script:FindFirstAncestorOfClass('Actor') then
		task.synchronize()
	end
end
function desynchronize()
	if script:FindFirstAncestorOfClass('Actor') then
		task.desynchronize()
	end
end
function Swap(v: Accessory,Accessory: Accessory)
	synchronize()
	Accessory.Archivable = true
	local clone = Accessory:Clone()
	clone.Name = v.Name
	clone.Parent = v.Parent
	v:Destroy()
--	print(Accessory.Name..' Has Replaced The Original')
end
--Serialized R15
if game:FindFirstChildOfClass('ServerStorage') and not game:FindFirstChildOfClass('ServerStorage'):FindFirstChild('R15')  then
	local R15 = Instance.new("Model")
	R15.Name = "R15"
	R15.WorldPivot = CFrame.new(0.9649574160575867, 2.5000038146972656, 30.924638748168945, 0.790692150592804, 1.1174396092217555e-35, 0.6122139692306519, -5.641904020691205e-36, 1, -1.0965737952833648e-35, -0.6122139692306519, 5.216463170372663e-36, 0.790692150592804)

	local HumanoidRootPart = Instance.new("Part")
	HumanoidRootPart.Name = "HumanoidRootPart"
	HumanoidRootPart.Velocity = Vector3.new(-1.401298464324817e-45, 0, -1.401298464324817e-45)
	HumanoidRootPart.Transparency = 1
	HumanoidRootPart.Color = Color3.fromRGB(159, 161, 172)
	HumanoidRootPart.Size = Vector3.new(2, 2, 1)
	HumanoidRootPart.CFrame = CFrame.new(35.07740020751953, -106.83145141601562, -3.439481735229492, 0.790692150592804, 1.1174396092217555e-35, 0.6122139692306519, -5.641904020691205e-36, 1, -1.0965737952833648e-35, -0.6122139692306519, 5.216463170372663e-36, 0.790692150592804)
	HumanoidRootPart.Parent = R15

	local RootRigAttachment = Instance.new("Attachment")
	RootRigAttachment.Name = "RootRigAttachment"
	RootRigAttachment.WorldSecondaryAxis = Vector3.new(1.1174396092217555e-35, 1, 5.216463170372663e-36)
	RootRigAttachment.WorldOrientation = Vector3.new(6.282904806662333e-34, 37.749759674072266, -3.2325727305628275e-34)
	RootRigAttachment.WorldPosition = Vector3.new(35.07740020751953, -106.83145141601562, -3.439481735229492)
	RootRigAttachment.WorldCFrame = CFrame.new(35.07740020751953, -106.83145141601562, -3.439481735229492, 0.790692150592804, 1.1174396092217555e-35, 0.6122139692306519, -5.641904020691205e-36, 1, -1.0965737952833648e-35, -0.6122139692306519, 5.216463170372663e-36, 0.790692150592804)
	RootRigAttachment.WorldAxis = Vector3.new(0.790692150592804, -5.641904020691205e-36, -0.6122139692306519)
	RootRigAttachment.Parent = HumanoidRootPart

	local OriginalSize = Instance.new("Vector3Value")
	OriginalSize.Name = "OriginalSize"
	OriginalSize.Value = Vector3.new(2, 2, 1)
	OriginalSize.Parent = HumanoidRootPart

	local LeftHand = Instance.new("MeshPart")
	LeftHand.Name = "LeftHand"
	LeftHand.CanCollide = false
	LeftHand.Velocity = Vector3.new(-1.401298464324817e-45, 0, -1.401298464324817e-45)
	LeftHand.Color = Color3.fromRGB(159, 161, 172)
	LeftHand.Size = Vector3.new(0.9999997615814209, 0.29999998211860657, 0.9999998807907104)
	LeftHand.CFrame = CFrame.new(33.891361236572266, -107.03144836425781, -2.52116060256958, 0.790692150592804, 1.1174396092217555e-35, 0.6122139692306519, -5.641904020691205e-36, 1, -1.0965737952833648e-35, -0.6122139692306519, 5.216463170372663e-36, 0.790692150592804)
	LeftHand.Parent = R15

	local LeftWristRigAttachment = Instance.new("Attachment")
	LeftWristRigAttachment.Name = "LeftWristRigAttachment"
	LeftWristRigAttachment.WorldSecondaryAxis = Vector3.new(1.1174396092217555e-35, 1, 5.216463170372663e-36)
	LeftWristRigAttachment.WorldOrientation = Vector3.new(6.282904806662333e-34, 37.749759674072266, -3.2325727305628275e-34)
	LeftWristRigAttachment.CFrame = CFrame.new(0.0004788637161254883, 0.14999999105930328, 5.960464477539063e-08)
	LeftWristRigAttachment.WorldPosition = Vector3.new(33.89173889160156, -106.8814468383789, -2.521453619003296)
	LeftWristRigAttachment.WorldCFrame = CFrame.new(33.89173889160156, -106.8814468383789, -2.521453619003296, 0.790692150592804, 1.1174396092217555e-35, 0.6122139692306519, -5.641904020691205e-36, 1, -1.0965737952833648e-35, -0.6122139692306519, 5.216463170372663e-36, 0.790692150592804)
	LeftWristRigAttachment.Position = Vector3.new(0.0004788637161254883, 0.14999999105930328, 5.960464477539063e-08)
	LeftWristRigAttachment.WorldAxis = Vector3.new(0.790692150592804, -5.641904020691205e-36, -0.6122139692306519)
	LeftWristRigAttachment.Parent = LeftHand

	local LeftGripAttachment = Instance.new("Attachment")
	LeftGripAttachment.Name = "LeftGripAttachment"
	LeftGripAttachment.WorldSecondaryAxis = Vector3.new(-0.6122139692306519, 6.123234262925839e-17, -0.790692150592804)
	LeftGripAttachment.WorldOrientation = Vector3.new(-90, 37.749759674072266, 0)
	LeftGripAttachment.CFrame = CFrame.new(-1.1920928955078125e-07, -0.14999963343143463, -1.4630612099608697e-07, 1, 0, -0, 0, 6.123234262925839e-17, 1, 0, -1, 6.123234262925839e-17)
	LeftGripAttachment.WorldPosition = Vector3.new(33.891361236572266, -107.18144989013672, -2.52116060256958)
	LeftGripAttachment.Rotation = Vector3.new(-90, -0, -0)
	LeftGripAttachment.WorldCFrame = CFrame.new(33.891361236572266, -107.18144989013672, -2.52116060256958, 0.790692150592804, -0.6122139692306519, 3.748729596531118e-17, -5.641904020691205e-36, 6.123234262925839e-17, 1, -0.6122139692306519, -0.790692150592804, 4.841593342646788e-17)
	LeftGripAttachment.SecondaryAxis = Vector3.new(0, 6.123234262925839e-17, -1)
	LeftGripAttachment.Position = Vector3.new(-1.1920928955078125e-07, -0.14999963343143463, -1.4630612099608697e-07)
	LeftGripAttachment.Orientation = Vector3.new(-90, -0, 0)
	LeftGripAttachment.WorldAxis = Vector3.new(0.790692150592804, -5.641904020691205e-36, -0.6122139692306519)
	LeftGripAttachment.Parent = LeftHand

	local OriginalSize1 = Instance.new("Vector3Value")
	OriginalSize1.Name = "OriginalSize"
	OriginalSize1.Value = Vector3.new(0.9999997615814209, 0.29999998211860657, 0.9999998807907104)
	OriginalSize1.Parent = LeftHand

	local LeftWrist = Instance.new("Motor6D")
	LeftWrist.Name = "LeftWrist"
	LeftWrist.C1 = CFrame.new(0.0004788637161254883, 0.14999999105930328, 5.960464477539063e-08)
	LeftWrist.C0 = CFrame.new(0.00047850608825683594, -0.5499999523162842, 7.644625506630354e-20)
	LeftWrist.Parent = LeftHand

	local LeftLowerArm = Instance.new("MeshPart")
	LeftLowerArm.Name = "LeftLowerArm"
	LeftLowerArm.CanCollide = false
	LeftLowerArm.Velocity = Vector3.new(-1.401298464324817e-45, 0, -1.401298464324817e-45)
	LeftLowerArm.Color = Color3.fromRGB(159, 161, 172)
	LeftLowerArm.Size = Vector3.new(0.9999997615814209, 1.200000286102295, 1)
	LeftLowerArm.CFrame = CFrame.new(33.891361236572266, -106.33145141601562, -2.521160840988159, 0.790692150592804, 1.1174396092217555e-35, 0.6122139692306519, -5.641904020691205e-36, 1, -1.0965737952833648e-35, -0.6122139692306519, 5.216463170372663e-36, 0.790692150592804)
	LeftLowerArm.Parent = R15

	local LeftElbowRigAttachment = Instance.new("Attachment")
	LeftElbowRigAttachment.Name = "LeftElbowRigAttachment"
	LeftElbowRigAttachment.WorldSecondaryAxis = Vector3.new(1.1174396092217555e-35, 1, 5.216463170372663e-36)
	LeftElbowRigAttachment.WorldOrientation = Vector3.new(6.282904806662333e-34, 37.749759674072266, -3.2325727305628275e-34)
	LeftElbowRigAttachment.CFrame = CFrame.new(0.00047850608825683594, 0.2500000298023224, 7.644625506630354e-20)
	LeftElbowRigAttachment.WorldPosition = Vector3.new(33.89173889160156, -106.08145141601562, -2.521453857421875)
	LeftElbowRigAttachment.WorldCFrame = CFrame.new(33.89173889160156, -106.08145141601562, -2.521453857421875, 0.790692150592804, 1.1174396092217555e-35, 0.6122139692306519, -5.641904020691205e-36, 1, -1.0965737952833648e-35, -0.6122139692306519, 5.216463170372663e-36, 0.790692150592804)
	LeftElbowRigAttachment.Position = Vector3.new(0.00047850608825683594, 0.2500000298023224, 7.644625506630354e-20)
	LeftElbowRigAttachment.WorldAxis = Vector3.new(0.790692150592804, -5.641904020691205e-36, -0.6122139692306519)
	LeftElbowRigAttachment.Parent = LeftLowerArm

	local LeftWristRigAttachment1 = Instance.new("Attachment")
	LeftWristRigAttachment1.Name = "LeftWristRigAttachment"
	LeftWristRigAttachment1.WorldSecondaryAxis = Vector3.new(1.1174396092217555e-35, 1, 5.216463170372663e-36)
	LeftWristRigAttachment1.WorldOrientation = Vector3.new(6.282904806662333e-34, 37.749759674072266, -3.2325727305628275e-34)
	LeftWristRigAttachment1.CFrame = CFrame.new(0.00047850608825683594, -0.5499999523162842, 7.644625506630354e-20)
	LeftWristRigAttachment1.WorldPosition = Vector3.new(33.89173889160156, -106.88145446777344, -2.521453857421875)
	LeftWristRigAttachment1.WorldCFrame = CFrame.new(33.89173889160156, -106.88145446777344, -2.521453857421875, 0.790692150592804, 1.1174396092217555e-35, 0.6122139692306519, -5.641904020691205e-36, 1, -1.0965737952833648e-35, -0.6122139692306519, 5.216463170372663e-36, 0.790692150592804)
	LeftWristRigAttachment1.Position = Vector3.new(0.00047850608825683594, -0.5499999523162842, 7.644625506630354e-20)
	LeftWristRigAttachment1.WorldAxis = Vector3.new(0.790692150592804, -5.641904020691205e-36, -0.6122139692306519)
	LeftWristRigAttachment1.Parent = LeftLowerArm

	local OriginalSize2 = Instance.new("Vector3Value")
	OriginalSize2.Name = "OriginalSize"
	OriginalSize2.Value = Vector3.new(0.9999997615814209, 1.200000286102295, 1)
	OriginalSize2.Parent = LeftLowerArm

	local LeftElbow = Instance.new("Motor6D")
	LeftElbow.Name = "LeftElbow"
	LeftElbow.C1 = CFrame.new(0.00047850608825683594, 0.2500000298023224, 7.644625506630354e-20)
	LeftElbow.C0 = CFrame.new(0.00047910213470458984, -0.20000016689300537, 8.940696716308594e-08)
	LeftElbow.Parent = LeftLowerArm

	local LeftUpperArm = Instance.new("MeshPart")
	LeftUpperArm.Name = "LeftUpperArm"
	LeftUpperArm.CanCollide = false
	LeftUpperArm.Velocity = Vector3.new(-1.401298464324817e-45, 0, -1.401298464324817e-45)
	LeftUpperArm.Color = Color3.fromRGB(159, 161, 172)
	LeftUpperArm.Size = Vector3.new(0.9999997615814209, 1.4000003337860107, 0.9999999403953552)
	LeftUpperArm.CFrame = CFrame.new(33.891361236572266, -105.88145446777344, -2.52116060256958, 0.790692150592804, 1.1174396092217555e-35, 0.6122139692306519, -5.641904020691205e-36, 1, -1.0965737952833648e-35, -0.6122139692306519, 5.216463170372663e-36, 0.790692150592804)
	LeftUpperArm.Parent = R15

	local LeftShoulderRigAttachment = Instance.new("Attachment")
	LeftShoulderRigAttachment.Name = "LeftShoulderRigAttachment"
	LeftShoulderRigAttachment.WorldSecondaryAxis = Vector3.new(1.1174396092217555e-35, 1, 5.216463170372663e-36)
	LeftShoulderRigAttachment.WorldOrientation = Vector3.new(6.282904806662333e-34, 37.749759674072266, -3.2325727305628275e-34)
	LeftShoulderRigAttachment.CFrame = CFrame.new(0.2501091957092285, 0.4499998092651367, 8.940696716308594e-08)
	LeftShoulderRigAttachment.WorldPosition = Vector3.new(34.08911895751953, -105.43145751953125, -2.674280881881714)
	LeftShoulderRigAttachment.WorldCFrame = CFrame.new(34.08911895751953, -105.43145751953125, -2.674280881881714, 0.790692150592804, 1.1174396092217555e-35, 0.6122139692306519, -5.641904020691205e-36, 1, -1.0965737952833648e-35, -0.6122139692306519, 5.216463170372663e-36, 0.790692150592804)
	LeftShoulderRigAttachment.Position = Vector3.new(0.2501091957092285, 0.4499998092651367, 8.940696716308594e-08)
	LeftShoulderRigAttachment.WorldAxis = Vector3.new(0.790692150592804, -5.641904020691205e-36, -0.6122139692306519)
	LeftShoulderRigAttachment.Parent = LeftUpperArm

	local LeftElbowRigAttachment1 = Instance.new("Attachment")
	LeftElbowRigAttachment1.Name = "LeftElbowRigAttachment"
	LeftElbowRigAttachment1.WorldSecondaryAxis = Vector3.new(1.1174396092217555e-35, 1, 5.216463170372663e-36)
	LeftElbowRigAttachment1.WorldOrientation = Vector3.new(6.282904806662333e-34, 37.749759674072266, -3.2325727305628275e-34)
	LeftElbowRigAttachment1.CFrame = CFrame.new(0.00047910213470458984, -0.20000016689300537, 8.940696716308594e-08)
	LeftElbowRigAttachment1.WorldPosition = Vector3.new(33.89173889160156, -106.08145141601562, -2.521453857421875)
	LeftElbowRigAttachment1.WorldCFrame = CFrame.new(33.89173889160156, -106.08145141601562, -2.521453857421875, 0.790692150592804, 1.1174396092217555e-35, 0.6122139692306519, -5.641904020691205e-36, 1, -1.0965737952833648e-35, -0.6122139692306519, 5.216463170372663e-36, 0.790692150592804)
	LeftElbowRigAttachment1.Position = Vector3.new(0.00047910213470458984, -0.20000016689300537, 8.940696716308594e-08)
	LeftElbowRigAttachment1.WorldAxis = Vector3.new(0.790692150592804, -5.641904020691205e-36, -0.6122139692306519)
	LeftElbowRigAttachment1.Parent = LeftUpperArm

	local LeftShoulderAttachment = Instance.new("Attachment")
	LeftShoulderAttachment.Name = "LeftShoulderAttachment"
	LeftShoulderAttachment.WorldSecondaryAxis = Vector3.new(1.1174396092217555e-35, 1, 5.216463170372663e-36)
	LeftShoulderAttachment.WorldOrientation = Vector3.new(6.282904806662333e-34, 37.749759674072266, -3.2325727305628275e-34)
	LeftShoulderAttachment.CFrame = CFrame.new(2.384185791015625e-07, 0.7000002861022949, -2.7096831445305725e-08)
	LeftShoulderAttachment.WorldPosition = Vector3.new(33.891361236572266, -105.18145751953125, -2.521160840988159)
	LeftShoulderAttachment.WorldCFrame = CFrame.new(33.891361236572266, -105.18145751953125, -2.521160840988159, 0.790692150592804, 1.1174396092217555e-35, 0.6122139692306519, -5.641904020691205e-36, 1, -1.0965737952833648e-35, -0.6122139692306519, 5.216463170372663e-36, 0.790692150592804)
	LeftShoulderAttachment.Position = Vector3.new(2.384185791015625e-07, 0.7000002861022949, -2.7096831445305725e-08)
	LeftShoulderAttachment.WorldAxis = Vector3.new(0.790692150592804, -5.641904020691205e-36, -0.6122139692306519)
	LeftShoulderAttachment.Parent = LeftUpperArm

	local OriginalSize3 = Instance.new("Vector3Value")
	OriginalSize3.Name = "OriginalSize"
	OriginalSize3.Value = Vector3.new(0.9999997615814209, 1.4000003337860107, 0.9999999403953552)
	OriginalSize3.Parent = LeftUpperArm

	local LeftShoulder = Instance.new("Motor6D")
	LeftShoulder.Name = "LeftShoulder"
	LeftShoulder.C1 = CFrame.new(0.2501091957092285, 0.4499998092651367, 8.940696716308594e-08)
	LeftShoulder.C0 = CFrame.new(-1.2498912811279297, 0.5499999523162842, 1.1920928955078125e-07)
	LeftShoulder.Parent = LeftUpperArm

	local RightHand = Instance.new("MeshPart")
	RightHand.Name = "RightHand"
	RightHand.CanCollide = false
	RightHand.Velocity = Vector3.new(-1.401298464324817e-45, 0, -1.401298464324817e-45)
	RightHand.Color = Color3.fromRGB(159, 161, 172)
	RightHand.Size = Vector3.new(0.9999998807907104, 0.29999998211860657, 0.9999998807907104)
	RightHand.CFrame = CFrame.new(36.2634391784668, -107.03144836425781, -4.357802867889404, 0.790692150592804, 1.1174396092217555e-35, 0.6122139692306519, -5.641904020691205e-36, 1, -1.0965737952833648e-35, -0.6122139692306519, 5.216463170372663e-36, 0.790692150592804)
	RightHand.Parent = R15

	local RightWristRigAttachment = Instance.new("Attachment")
	RightWristRigAttachment.Name = "RightWristRigAttachment"
	RightWristRigAttachment.WorldSecondaryAxis = Vector3.new(1.1174396092217555e-35, 1, 5.216463170372663e-36)
	RightWristRigAttachment.WorldOrientation = Vector3.new(6.282904806662333e-34, 37.749759674072266, -3.2325727305628275e-34)
	RightWristRigAttachment.CFrame = CFrame.new(3.5762786865234375e-07, 0.14999999105930328, 5.960464477539063e-08)
	RightWristRigAttachment.WorldPosition = Vector3.new(36.2634391784668, -106.8814468383789, -4.357802867889404)
	RightWristRigAttachment.WorldCFrame = CFrame.new(36.2634391784668, -106.8814468383789, -4.357802867889404, 0.790692150592804, 1.1174396092217555e-35, 0.6122139692306519, -5.641904020691205e-36, 1, -1.0965737952833648e-35, -0.6122139692306519, 5.216463170372663e-36, 0.790692150592804)
	RightWristRigAttachment.Position = Vector3.new(3.5762786865234375e-07, 0.14999999105930328, 5.960464477539063e-08)
	RightWristRigAttachment.WorldAxis = Vector3.new(0.790692150592804, -5.641904020691205e-36, -0.6122139692306519)
	RightWristRigAttachment.Parent = RightHand

	local RightGripAttachment = Instance.new("Attachment")
	RightGripAttachment.Name = "RightGripAttachment"
	RightGripAttachment.WorldSecondaryAxis = Vector3.new(-0.6122139692306519, 6.123234262925839e-17, -0.790692150592804)
	RightGripAttachment.WorldOrientation = Vector3.new(-90, 37.749759674072266, 0)
	RightGripAttachment.CFrame = CFrame.new(0, -0.14999963343143463, -1.4630612099608697e-07, 1, 0, -0, 0, 6.123234262925839e-17, 1, 0, -1, 6.123234262925839e-17)
	RightGripAttachment.WorldPosition = Vector3.new(36.2634391784668, -107.18144989013672, -4.357802867889404)
	RightGripAttachment.Rotation = Vector3.new(-90, -0, -0)
	RightGripAttachment.WorldCFrame = CFrame.new(36.2634391784668, -107.18144989013672, -4.357802867889404, 0.790692150592804, -0.6122139692306519, 3.748729596531118e-17, -5.641904020691205e-36, 6.123234262925839e-17, 1, -0.6122139692306519, -0.790692150592804, 4.841593342646788e-17)
	RightGripAttachment.SecondaryAxis = Vector3.new(0, 6.123234262925839e-17, -1)
	RightGripAttachment.Position = Vector3.new(0, -0.14999963343143463, -1.4630612099608697e-07)
	RightGripAttachment.Orientation = Vector3.new(-90, -0, 0)
	RightGripAttachment.WorldAxis = Vector3.new(0.790692150592804, -5.641904020691205e-36, -0.6122139692306519)
	RightGripAttachment.Parent = RightHand

	local OriginalSize4 = Instance.new("Vector3Value")
	OriginalSize4.Name = "OriginalSize"
	OriginalSize4.Value = Vector3.new(0.9999998807907104, 0.29999998211860657, 0.9999998807907104)
	OriginalSize4.Parent = RightHand

	local RightWrist = Instance.new("Motor6D")
	RightWrist.Name = "RightWrist"
	RightWrist.C1 = CFrame.new(3.5762786865234375e-07, 0.14999999105930328, 5.960464477539063e-08)
	RightWrist.C0 = CFrame.new(1.1920928955078125e-07, -0.5499999523162842, -6.862447526056303e-18)
	RightWrist.Parent = RightHand

	local RightLowerArm = Instance.new("MeshPart")
	RightLowerArm.Name = "RightLowerArm"
	RightLowerArm.CanCollide = false
	RightLowerArm.Velocity = Vector3.new(-1.401298464324817e-45, 0, -1.401298464324817e-45)
	RightLowerArm.Color = Color3.fromRGB(159, 161, 172)
	RightLowerArm.Size = Vector3.new(0.9999997615814209, 1.200000286102295, 1)
	RightLowerArm.CFrame = CFrame.new(36.2634391784668, -106.33145141601562, -4.357802867889404, 0.790692150592804, 1.1174396092217555e-35, 0.6122139692306519, -5.641904020691205e-36, 1, -1.0965737952833648e-35, -0.6122139692306519, 5.216463170372663e-36, 0.790692150592804)
	RightLowerArm.Parent = R15

	local RightElbowRigAttachment = Instance.new("Attachment")
	RightElbowRigAttachment.Name = "RightElbowRigAttachment"
	RightElbowRigAttachment.WorldSecondaryAxis = Vector3.new(1.1174396092217555e-35, 1, 5.216463170372663e-36)
	RightElbowRigAttachment.WorldOrientation = Vector3.new(6.282904806662333e-34, 37.749759674072266, -3.2325727305628275e-34)
	RightElbowRigAttachment.CFrame = CFrame.new(1.1920928955078125e-07, 0.2500000298023224, 7.644625506630354e-20)
	RightElbowRigAttachment.WorldPosition = Vector3.new(36.2634391784668, -106.08145141601562, -4.357802867889404)
	RightElbowRigAttachment.WorldCFrame = CFrame.new(36.2634391784668, -106.08145141601562, -4.357802867889404, 0.790692150592804, 1.1174396092217555e-35, 0.6122139692306519, -5.641904020691205e-36, 1, -1.0965737952833648e-35, -0.6122139692306519, 5.216463170372663e-36, 0.790692150592804)
	RightElbowRigAttachment.Position = Vector3.new(1.1920928955078125e-07, 0.2500000298023224, 7.644625506630354e-20)
	RightElbowRigAttachment.WorldAxis = Vector3.new(0.790692150592804, -5.641904020691205e-36, -0.6122139692306519)
	RightElbowRigAttachment.Parent = RightLowerArm

	local RightWristRigAttachment1 = Instance.new("Attachment")
	RightWristRigAttachment1.Name = "RightWristRigAttachment"
	RightWristRigAttachment1.WorldSecondaryAxis = Vector3.new(1.1174396092217555e-35, 1, 5.216463170372663e-36)
	RightWristRigAttachment1.WorldOrientation = Vector3.new(6.282904806662333e-34, 37.749759674072266, -3.2325727305628275e-34)
	RightWristRigAttachment1.CFrame = CFrame.new(1.1920928955078125e-07, -0.5499999523162842, -6.862447526056303e-18)
	RightWristRigAttachment1.WorldPosition = Vector3.new(36.2634391784668, -106.88145446777344, -4.357802867889404)
	RightWristRigAttachment1.WorldCFrame = CFrame.new(36.2634391784668, -106.88145446777344, -4.357802867889404, 0.790692150592804, 1.1174396092217555e-35, 0.6122139692306519, -5.641904020691205e-36, 1, -1.0965737952833648e-35, -0.6122139692306519, 5.216463170372663e-36, 0.790692150592804)
	RightWristRigAttachment1.Position = Vector3.new(1.1920928955078125e-07, -0.5499999523162842, -6.862447526056303e-18)
	RightWristRigAttachment1.WorldAxis = Vector3.new(0.790692150592804, -5.641904020691205e-36, -0.6122139692306519)
	RightWristRigAttachment1.Parent = RightLowerArm

	local OriginalSize5 = Instance.new("Vector3Value")
	OriginalSize5.Name = "OriginalSize"
	OriginalSize5.Value = Vector3.new(0.9999997615814209, 1.200000286102295, 1)
	OriginalSize5.Parent = RightLowerArm

	local RightElbow = Instance.new("Motor6D")
	RightElbow.Name = "RightElbow"
	RightElbow.C1 = CFrame.new(1.1920928955078125e-07, 0.2500000298023224, 7.644625506630354e-20)
	RightElbow.C0 = CFrame.new(-5.960464477539062e-07, -0.20000016689300537, 8.940696716308594e-08)
	RightElbow.Parent = RightLowerArm

	local RightUpperArm = Instance.new("MeshPart")
	RightUpperArm.Name = "RightUpperArm"
	RightUpperArm.CanCollide = false
	RightUpperArm.Velocity = Vector3.new(-1.401298464324817e-45, 0, -1.401298464324817e-45)
	RightUpperArm.Color = Color3.fromRGB(159, 161, 172)
	RightUpperArm.Size = Vector3.new(0.9999996423721313, 1.4000003337860107, 0.9999999403953552)
	RightUpperArm.CFrame = CFrame.new(36.2634391784668, -105.88145446777344, -4.3578033447265625, 0.790692150592804, 1.1174396092217555e-35, 0.6122139692306519, -5.641904020691205e-36, 1, -1.0965737952833648e-35, -0.6122139692306519, 5.216463170372663e-36, 0.790692150592804)
	RightUpperArm.Parent = R15

	local RightShoulderRigAttachment = Instance.new("Attachment")
	RightShoulderRigAttachment.Name = "RightShoulderRigAttachment"
	RightShoulderRigAttachment.WorldSecondaryAxis = Vector3.new(1.1174396092217555e-35, 1, 5.216463170372663e-36)
	RightShoulderRigAttachment.WorldOrientation = Vector3.new(6.282904806662333e-34, 37.749759674072266, -3.2325727305628275e-34)
	RightShoulderRigAttachment.CFrame = CFrame.new(-0.25002026557922363, 0.4499998092651367, 8.940696716308594e-08)
	RightShoulderRigAttachment.WorldPosition = Vector3.new(36.06575012207031, -105.43145751953125, -4.204737186431885)
	RightShoulderRigAttachment.WorldCFrame = CFrame.new(36.06575012207031, -105.43145751953125, -4.204737186431885, 0.790692150592804, 1.1174396092217555e-35, 0.6122139692306519, -5.641904020691205e-36, 1, -1.0965737952833648e-35, -0.6122139692306519, 5.216463170372663e-36, 0.790692150592804)
	RightShoulderRigAttachment.Position = Vector3.new(-0.25002026557922363, 0.4499998092651367, 8.940696716308594e-08)
	RightShoulderRigAttachment.WorldAxis = Vector3.new(0.790692150592804, -5.641904020691205e-36, -0.6122139692306519)
	RightShoulderRigAttachment.Parent = RightUpperArm

	local RightElbowRigAttachment1 = Instance.new("Attachment")
	RightElbowRigAttachment1.Name = "RightElbowRigAttachment"
	RightElbowRigAttachment1.WorldSecondaryAxis = Vector3.new(1.1174396092217555e-35, 1, 5.216463170372663e-36)
	RightElbowRigAttachment1.WorldOrientation = Vector3.new(6.282904806662333e-34, 37.749759674072266, -3.2325727305628275e-34)
	RightElbowRigAttachment1.CFrame = CFrame.new(-5.960464477539062e-07, -0.20000016689300537, 8.940696716308594e-08)
	RightElbowRigAttachment1.WorldPosition = Vector3.new(36.2634391784668, -106.08145141601562, -4.357802867889404)
	RightElbowRigAttachment1.WorldCFrame = CFrame.new(36.2634391784668, -106.08145141601562, -4.357802867889404, 0.790692150592804, 1.1174396092217555e-35, 0.6122139692306519, -5.641904020691205e-36, 1, -1.0965737952833648e-35, -0.6122139692306519, 5.216463170372663e-36, 0.790692150592804)
	RightElbowRigAttachment1.Position = Vector3.new(-5.960464477539062e-07, -0.20000016689300537, 8.940696716308594e-08)
	RightElbowRigAttachment1.WorldAxis = Vector3.new(0.790692150592804, -5.641904020691205e-36, -0.6122139692306519)
	RightElbowRigAttachment1.Parent = RightUpperArm

	local RightShoulderAttachment = Instance.new("Attachment")
	RightShoulderAttachment.Name = "RightShoulderAttachment"
	RightShoulderAttachment.WorldSecondaryAxis = Vector3.new(1.1174396092217555e-35, 1, 5.216463170372663e-36)
	RightShoulderAttachment.WorldOrientation = Vector3.new(6.282904806662333e-34, 37.749759674072266, -3.2325727305628275e-34)
	RightShoulderAttachment.CFrame = CFrame.new(-9.5367431640625e-07, 0.7000002861022949, -2.7096831445305725e-08)
	RightShoulderAttachment.WorldPosition = Vector3.new(36.2634391784668, -105.18145751953125, -4.357802867889404)
	RightShoulderAttachment.WorldCFrame = CFrame.new(36.2634391784668, -105.18145751953125, -4.357802867889404, 0.790692150592804, 1.1174396092217555e-35, 0.6122139692306519, -5.641904020691205e-36, 1, -1.0965737952833648e-35, -0.6122139692306519, 5.216463170372663e-36, 0.790692150592804)
	RightShoulderAttachment.Position = Vector3.new(-9.5367431640625e-07, 0.7000002861022949, -2.7096831445305725e-08)
	RightShoulderAttachment.WorldAxis = Vector3.new(0.790692150592804, -5.641904020691205e-36, -0.6122139692306519)
	RightShoulderAttachment.Parent = RightUpperArm

	local OriginalSize6 = Instance.new("Vector3Value")
	OriginalSize6.Name = "OriginalSize"
	OriginalSize6.Value = Vector3.new(0.9999996423721313, 1.4000003337860107, 0.9999999403953552)
	OriginalSize6.Parent = RightUpperArm

	local RightShoulder = Instance.new("Motor6D")
	RightShoulder.Name = "RightShoulder"
	RightShoulder.C1 = CFrame.new(-0.25002026557922363, 0.4499998092651367, 8.940696716308594e-08)
	RightShoulder.C0 = CFrame.new(1.2499804496765137, 0.5499999523162842, 1.1920928955078125e-07)
	RightShoulder.Parent = RightUpperArm

	local UpperTorso = Instance.new("MeshPart")
	UpperTorso.Name = "UpperTorso"
	UpperTorso.Velocity = Vector3.new(-1.401298464324817e-45, 0, -1.401298464324817e-45)
	UpperTorso.Color = Color3.fromRGB(159, 161, 172)
	UpperTorso.Size = Vector3.new(2, 1.6000001430511475, 1.0000003576278687)
	UpperTorso.CFrame = CFrame.new(35.07740020751953, -105.98145294189453, -3.439481735229492, 0.790692150592804, 1.1174396092217555e-35, 0.6122139692306519, -5.641904020691205e-36, 1, -1.0965737952833648e-35, -0.6122139692306519, 5.216463170372663e-36, 0.790692150592804)
	UpperTorso.Parent = R15

	local WaistRigAttachment = Instance.new("Attachment")
	WaistRigAttachment.Name = "WaistRigAttachment"
	WaistRigAttachment.WorldSecondaryAxis = Vector3.new(1.1174396092217555e-35, 1, 5.216463170372663e-36)
	WaistRigAttachment.WorldOrientation = Vector3.new(6.282904806662333e-34, 37.749759674072266, -3.2325727305628275e-34)
	WaistRigAttachment.CFrame = CFrame.new(-5.960464477539063e-08, -0.45000001788139343, 1.1920928955078125e-07)
	WaistRigAttachment.WorldPosition = Vector3.new(35.07740020751953, -106.43144989013672, -3.439481496810913)
	WaistRigAttachment.WorldCFrame = CFrame.new(35.07740020751953, -106.43144989013672, -3.439481496810913, 0.790692150592804, 1.1174396092217555e-35, 0.6122139692306519, -5.641904020691205e-36, 1, -1.0965737952833648e-35, -0.6122139692306519, 5.216463170372663e-36, 0.790692150592804)
	WaistRigAttachment.Position = Vector3.new(-5.960464477539063e-08, -0.45000001788139343, 1.1920928955078125e-07)
	WaistRigAttachment.WorldAxis = Vector3.new(0.790692150592804, -5.641904020691205e-36, -0.6122139692306519)
	WaistRigAttachment.Parent = UpperTorso

	local NeckRigAttachment = Instance.new("Attachment")
	NeckRigAttachment.Name = "NeckRigAttachment"
	NeckRigAttachment.WorldSecondaryAxis = Vector3.new(1.1174396092217555e-35, 1, 5.216463170372663e-36)
	NeckRigAttachment.WorldOrientation = Vector3.new(6.282904806662333e-34, 37.749759674072266, -3.2325727305628275e-34)
	NeckRigAttachment.CFrame = CFrame.new(-5.960464477539063e-08, 0.7999999523162842, 1.1920928955078125e-07)
	NeckRigAttachment.WorldPosition = Vector3.new(35.07740020751953, -105.18144989013672, -3.439481496810913)
	NeckRigAttachment.WorldCFrame = CFrame.new(35.07740020751953, -105.18144989013672, -3.439481496810913, 0.790692150592804, 1.1174396092217555e-35, 0.6122139692306519, -5.641904020691205e-36, 1, -1.0965737952833648e-35, -0.6122139692306519, 5.216463170372663e-36, 0.790692150592804)
	NeckRigAttachment.Position = Vector3.new(-5.960464477539063e-08, 0.7999999523162842, 1.1920928955078125e-07)
	NeckRigAttachment.WorldAxis = Vector3.new(0.790692150592804, -5.641904020691205e-36, -0.6122139692306519)
	NeckRigAttachment.Parent = UpperTorso

	local LeftShoulderRigAttachment1 = Instance.new("Attachment")
	LeftShoulderRigAttachment1.Name = "LeftShoulderRigAttachment"
	LeftShoulderRigAttachment1.WorldSecondaryAxis = Vector3.new(1.1174396092217555e-35, 1, 5.216463170372663e-36)
	LeftShoulderRigAttachment1.WorldOrientation = Vector3.new(6.282904806662333e-34, 37.749759674072266, -3.2325727305628275e-34)
	LeftShoulderRigAttachment1.CFrame = CFrame.new(-1.2498912811279297, 0.5499999523162842, 1.1920928955078125e-07)
	LeftShoulderRigAttachment1.WorldPosition = Vector3.new(34.0891227722168, -105.43144989013672, -2.6742806434631348)
	LeftShoulderRigAttachment1.WorldCFrame = CFrame.new(34.0891227722168, -105.43144989013672, -2.6742806434631348, 0.790692150592804, 1.1174396092217555e-35, 0.6122139692306519, -5.641904020691205e-36, 1, -1.0965737952833648e-35, -0.6122139692306519, 5.216463170372663e-36, 0.790692150592804)
	LeftShoulderRigAttachment1.Position = Vector3.new(-1.2498912811279297, 0.5499999523162842, 1.1920928955078125e-07)
	LeftShoulderRigAttachment1.WorldAxis = Vector3.new(0.790692150592804, -5.641904020691205e-36, -0.6122139692306519)
	LeftShoulderRigAttachment1.Parent = UpperTorso

	local RightShoulderRigAttachment1 = Instance.new("Attachment")
	RightShoulderRigAttachment1.Name = "RightShoulderRigAttachment"
	RightShoulderRigAttachment1.WorldSecondaryAxis = Vector3.new(1.1174396092217555e-35, 1, 5.216463170372663e-36)
	RightShoulderRigAttachment1.WorldOrientation = Vector3.new(6.282904806662333e-34, 37.749759674072266, -3.2325727305628275e-34)
	RightShoulderRigAttachment1.CFrame = CFrame.new(1.2499804496765137, 0.5499999523162842, 1.1920928955078125e-07)
	RightShoulderRigAttachment1.WorldPosition = Vector3.new(36.06575012207031, -105.43144989013672, -4.204737186431885)
	RightShoulderRigAttachment1.WorldCFrame = CFrame.new(36.06575012207031, -105.43144989013672, -4.204737186431885, 0.790692150592804, 1.1174396092217555e-35, 0.6122139692306519, -5.641904020691205e-36, 1, -1.0965737952833648e-35, -0.6122139692306519, 5.216463170372663e-36, 0.790692150592804)
	RightShoulderRigAttachment1.Position = Vector3.new(1.2499804496765137, 0.5499999523162842, 1.1920928955078125e-07)
	RightShoulderRigAttachment1.WorldAxis = Vector3.new(0.790692150592804, -5.641904020691205e-36, -0.6122139692306519)
	RightShoulderRigAttachment1.Parent = UpperTorso

	local BodyFrontAttachment = Instance.new("Attachment")
	BodyFrontAttachment.Name = "BodyFrontAttachment"
	BodyFrontAttachment.WorldSecondaryAxis = Vector3.new(1.1174396092217555e-35, 1, 5.216463170372663e-36)
	BodyFrontAttachment.WorldOrientation = Vector3.new(6.282904806662333e-34, 37.749759674072266, -3.2325727305628275e-34)
	BodyFrontAttachment.CFrame = CFrame.new(-5.960464477539063e-08, -0.20000004768371582, -0.49999988079071045)
	BodyFrontAttachment.WorldPosition = Vector3.new(34.77129364013672, -106.18144989013672, -3.8348276615142822)
	BodyFrontAttachment.WorldCFrame = CFrame.new(34.77129364013672, -106.18144989013672, -3.8348276615142822, 0.790692150592804, 1.1174396092217555e-35, 0.6122139692306519, -5.641904020691205e-36, 1, -1.0965737952833648e-35, -0.6122139692306519, 5.216463170372663e-36, 0.790692150592804)
	BodyFrontAttachment.Position = Vector3.new(-5.960464477539063e-08, -0.20000004768371582, -0.49999988079071045)
	BodyFrontAttachment.WorldAxis = Vector3.new(0.790692150592804, -5.641904020691205e-36, -0.6122139692306519)
	BodyFrontAttachment.Parent = UpperTorso

	local BodyBackAttachment = Instance.new("Attachment")
	BodyBackAttachment.Name = "BodyBackAttachment"
	BodyBackAttachment.WorldSecondaryAxis = Vector3.new(1.1174396092217555e-35, 1, 5.216463170372663e-36)
	BodyBackAttachment.WorldOrientation = Vector3.new(6.282904806662333e-34, 37.749759674072266, -3.2325727305628275e-34)
	BodyBackAttachment.CFrame = CFrame.new(-5.960464477539063e-08, -0.20000004768371582, 0.5)
	BodyBackAttachment.WorldPosition = Vector3.new(35.383506774902344, -106.18144989013672, -3.044135570526123)
	BodyBackAttachment.WorldCFrame = CFrame.new(35.383506774902344, -106.18144989013672, -3.044135570526123, 0.790692150592804, 1.1174396092217555e-35, 0.6122139692306519, -5.641904020691205e-36, 1, -1.0965737952833648e-35, -0.6122139692306519, 5.216463170372663e-36, 0.790692150592804)
	BodyBackAttachment.Position = Vector3.new(-5.960464477539063e-08, -0.20000004768371582, 0.5)
	BodyBackAttachment.WorldAxis = Vector3.new(0.790692150592804, -5.641904020691205e-36, -0.6122139692306519)
	BodyBackAttachment.Parent = UpperTorso

	local LeftCollarAttachment = Instance.new("Attachment")
	LeftCollarAttachment.Name = "LeftCollarAttachment"
	LeftCollarAttachment.WorldSecondaryAxis = Vector3.new(1.1174396092217555e-35, 1, 5.216463170372663e-36)
	LeftCollarAttachment.WorldOrientation = Vector3.new(6.282904806662333e-34, 37.749759674072266, -3.2325727305628275e-34)
	LeftCollarAttachment.CFrame = CFrame.new(-0.9999998807907104, 0.8000001907348633, -7.273973778865184e-08)
	LeftCollarAttachment.WorldPosition = Vector3.new(34.28670883178711, -105.18144989013672, -2.82726788520813)
	LeftCollarAttachment.WorldCFrame = CFrame.new(34.28670883178711, -105.18144989013672, -2.82726788520813, 0.790692150592804, 1.1174396092217555e-35, 0.6122139692306519, -5.641904020691205e-36, 1, -1.0965737952833648e-35, -0.6122139692306519, 5.216463170372663e-36, 0.790692150592804)
	LeftCollarAttachment.Position = Vector3.new(-0.9999998807907104, 0.8000001907348633, -7.273973778865184e-08)
	LeftCollarAttachment.WorldAxis = Vector3.new(0.790692150592804, -5.641904020691205e-36, -0.6122139692306519)
	LeftCollarAttachment.Parent = UpperTorso

	local RightCollarAttachment = Instance.new("Attachment")
	RightCollarAttachment.Name = "RightCollarAttachment"
	RightCollarAttachment.WorldSecondaryAxis = Vector3.new(1.1174396092217555e-35, 1, 5.216463170372663e-36)
	RightCollarAttachment.WorldOrientation = Vector3.new(6.282904806662333e-34, 37.749759674072266, -3.2325727305628275e-34)
	RightCollarAttachment.CFrame = CFrame.new(0.9999999403953552, 0.7999999523162842, 4.612959969563235e-08)
	RightCollarAttachment.WorldPosition = Vector3.new(35.86809158325195, -105.18144989013672, -4.051695823669434)
	RightCollarAttachment.WorldCFrame = CFrame.new(35.86809158325195, -105.18144989013672, -4.051695823669434, 0.790692150592804, 1.1174396092217555e-35, 0.6122139692306519, -5.641904020691205e-36, 1, -1.0965737952833648e-35, -0.6122139692306519, 5.216463170372663e-36, 0.790692150592804)
	RightCollarAttachment.Position = Vector3.new(0.9999999403953552, 0.7999999523162842, 4.612959969563235e-08)
	RightCollarAttachment.WorldAxis = Vector3.new(0.790692150592804, -5.641904020691205e-36, -0.6122139692306519)
	RightCollarAttachment.Parent = UpperTorso

	local NeckAttachment = Instance.new("Attachment")
	NeckAttachment.Name = "NeckAttachment"
	NeckAttachment.WorldSecondaryAxis = Vector3.new(1.1174396092217555e-35, 1, 5.216463170372663e-36)
	NeckAttachment.WorldOrientation = Vector3.new(6.282904806662333e-34, 37.749759674072266, -3.2325727305628275e-34)
	NeckAttachment.CFrame = CFrame.new(0, 0.800000011920929, 0)
	NeckAttachment.WorldPosition = Vector3.new(35.07740020751953, -105.18144989013672, -3.439481735229492)
	NeckAttachment.WorldCFrame = CFrame.new(35.07740020751953, -105.18144989013672, -3.439481735229492, 0.790692150592804, 1.1174396092217555e-35, 0.6122139692306519, -5.641904020691205e-36, 1, -1.0965737952833648e-35, -0.6122139692306519, 5.216463170372663e-36, 0.790692150592804)
	NeckAttachment.Position = Vector3.new(0, 0.800000011920929, 0)
	NeckAttachment.WorldAxis = Vector3.new(0.790692150592804, -5.641904020691205e-36, -0.6122139692306519)
	NeckAttachment.Parent = UpperTorso

	local OriginalSize7 = Instance.new("Vector3Value")
	OriginalSize7.Name = "OriginalSize"
	OriginalSize7.Value = Vector3.new(2, 1.6000001430511475, 1.0000003576278687)
	OriginalSize7.Parent = UpperTorso

	local Waist = Instance.new("Motor6D")
	Waist.Name = "Waist"
	Waist.C1 = CFrame.new(-5.960464477539063e-08, -0.45000001788139343, 1.1920928955078125e-07)
	Waist.C0 = CFrame.new(-1.1920928955078125e-07, 0.5500000715255737, 7.644625506630354e-20)
	Waist.Parent = UpperTorso

	local LeftFoot = Instance.new("MeshPart")
	LeftFoot.Name = "LeftFoot"
	LeftFoot.CanCollide = false
	LeftFoot.Velocity = Vector3.new(-1.401298464324817e-45, 0, -1.401298464324817e-45)
	LeftFoot.Color = Color3.fromRGB(159, 161, 172)
	LeftFoot.Size = Vector3.new(1, 0.3000001907348633, 1)
	LeftFoot.CFrame = CFrame.new(34.68205261230469, -109.03145599365234, -3.1333746910095215, 0.790692150592804, 1.1174396092217555e-35, 0.6122139692306519, -5.641904020691205e-36, 1, -1.0965737952833648e-35, -0.6122139692306519, 5.216463170372663e-36, 0.790692150592804)
	LeftFoot.Parent = R15

	local LeftAnkleRigAttachment = Instance.new("Attachment")
	LeftAnkleRigAttachment.Name = "LeftAnkleRigAttachment"
	LeftAnkleRigAttachment.WorldSecondaryAxis = Vector3.new(1.1174396092217555e-35, 1, 5.216463170372663e-36)
	LeftAnkleRigAttachment.WorldOrientation = Vector3.new(6.282904806662333e-34, 37.749759674072266, -3.2325727305628275e-34)
	LeftAnkleRigAttachment.CFrame = CFrame.new(-2.384185791015625e-07, 0.0500025749206543, 8.081544820015552e-07)
	LeftAnkleRigAttachment.WorldPosition = Vector3.new(34.68205261230469, -108.98145294189453, -3.133373975753784)
	LeftAnkleRigAttachment.WorldCFrame = CFrame.new(34.68205261230469, -108.98145294189453, -3.133373975753784, 0.790692150592804, 1.1174396092217555e-35, 0.6122139692306519, -5.641904020691205e-36, 1, -1.0965737952833648e-35, -0.6122139692306519, 5.216463170372663e-36, 0.790692150592804)
	LeftAnkleRigAttachment.Position = Vector3.new(-2.384185791015625e-07, 0.0500025749206543, 8.081544820015552e-07)
	LeftAnkleRigAttachment.WorldAxis = Vector3.new(0.790692150592804, -5.641904020691205e-36, -0.6122139692306519)
	LeftAnkleRigAttachment.Parent = LeftFoot

	local OriginalSize8 = Instance.new("Vector3Value")
	OriginalSize8.Name = "OriginalSize"
	OriginalSize8.Value = Vector3.new(1, 0.3000001907348633, 1)
	OriginalSize8.Parent = LeftFoot

	local LeftAnkle = Instance.new("Motor6D")
	LeftAnkle.Name = "LeftAnkle"
	LeftAnkle.C1 = CFrame.new(-2.384185791015625e-07, 0.0500025749206543, 8.081544820015552e-07)
	LeftAnkle.C0 = CFrame.new(-1.7881393432617188e-07, -0.749997615814209, 6.293405476753833e-07)
	LeftAnkle.Parent = LeftFoot

	local LeftLowerLeg = Instance.new("MeshPart")
	LeftLowerLeg.Name = "LeftLowerLeg"
	LeftLowerLeg.CanCollide = false
